%YAML:1.0

# Camera Parameters. Adjust them!
# Camera calibration parameters camera back
Camera.Iw: 1280
Camera.Ih: 720

# hyperparameters   number of parameters needed for polynomial
Camera.nrpol: 5
Camera.nrinvpol: 14

# forward polynomial f(\rho)
Camera.a0: -3.232649e+02
Camera.a1: 0.0 
Camera.a2: 1.521920e-03
Camera.a3: -1.867468e-06
Camera.a4: 6.931488e-09 

# backward polynomial rho(\theta)  
# i think its the polynomial coefficients for the inverse mapping function
Camera.pol0: 410.122402
Camera.pol1: 184.854330
Camera.pol2: -12.503466
Camera.pol3: 41.835760
Camera.pol4: 5.043521
Camera.pol5: 5.535996
Camera.pol6: 4.940789
Camera.pol7: -2.029718
Camera.pol8: 6.604328 
Camera.pol9: 2.859055 
Camera.pol10: -4.436488 
Camera.pol11: -0.821184 
Camera.pol12: 1.707633 
Camera.pol13: 0.571392 


# affine matrix
Camera.c: 1.000015  
Camera.d: 0.014916
Camera.e: -0.012695

# principal point
Camera.u0: 632.024628
Camera.v0: 362.395611

#calibration result by horizonal chessboard
