%YAML:1.0

# Camera Parameters. Adjust them!
# Camera calibration parameters camera back
Camera.Iw: 1280
Camera.Ih: 720

# hyperparameters   number of parameters needed for polynomial
Camera.nrpol: 5
Camera.nrinvpol: 14

# forward polynomial f(\rho)
Camera.a0: -3.217708e+02    
Camera.a1: 0.0 
Camera.a2: 1.576722e-03
Camera.a3: -2.381499e-06
Camera.a4: 7.901983e-09 

# backward polynomial rho(\theta)  
# i think its the polynomial coefficients for the inverse mapping function
Camera.pol0: 408.925751             
Camera.pol1: 181.248315
Camera.pol2: -15.550455
Camera.pol3: 42.049375
Camera.pol4: 3.960245
Camera.pol5: 5.479321
Camera.pol6: 5.189299
Camera.pol7: -3.814534
Camera.pol8:  7.291968
Camera.pol9: 4.276540
Camera.pol10: -5.171659
Camera.pol11: -1.447494
Camera.pol12: 1.872111 
Camera.pol13: 0.680661


# affine matrix
Camera.c: 1.000987  
Camera.d: -0.003463
Camera.e: 0.005212

# principal point
Camera.u0: 662.463069
Camera.v0: 366.731115

#calibration result by horizonal chessboard
