%YAML:1.0
 
# Multi-camera calibration matrices (M_c)
# rotation elements are in cayley parametrization
CameraSystem.nrCams: 3                    
# camera 1
CameraSystem.cam1_1: -0   #r1
CameraSystem.cam1_2: 0     #r2
CameraSystem.cam1_3: -0     #r3
CameraSystem.cam1_4: 0   #t1
CameraSystem.cam1_5: 0    #t2
CameraSystem.cam1_6: 0   #t3
# camera 2   
CameraSystem.cam2_1: -0.01051688974692264   #r1
CameraSystem.cam2_2:  0.5454369005898595      #r2
CameraSystem.cam2_3: 0.04532991361475244    #r3
CameraSystem.cam2_4:  0.0484219     #t1
CameraSystem.cam2_5: 0.00071076    #t2
CameraSystem.cam2_6: -0.0327015   #t3
# camera 3
CameraSystem.cam3_1: 0.02222119574298395                   #r1
CameraSystem.cam3_2: 1.53071906542338                     #r2
CameraSystem.cam3_3: 0.1903742006262329                    #r3
CameraSystem.cam3_4: 0.0603482 #t1
CameraSystem.cam3_5: 0.00955431    #t2
CameraSystem.cam3_6:  -0.0934806    #t3


