image_width: 640
image_height: 480
camera_name: camera
camera_matrix:
  rows: 3
  cols: 3
  data: [1.00113708350702, -0.00135525751767183, 313.312147725394, -0.0015589627848798, 1, 253.882910101476, 0, 0, 0]
distortion_model: taylor
distortion_coefficients:
  rows: 1
  cols: 4
  data: [372.891547587941, -0.000196937570509058, 2.30119448866876e-07, 1.73499417416059e-10]
rectification_matrix:
  rows: 3
  cols: 3
  data: [0.998906962249222, -0.0465509647177984, 0.00422947441804626, 0.0466267364217344, 0.998711120286449, -0.0200510764507222, -0.00329062618185769, 0.0202263664561106, 0.999790010891946]
projection_matrix:
  rows: 3
  cols: 4
  data: [0, 0, 0, -0.0551771357113952, 0, 0, 0, -0.0105181710197884, 0, 0, 0, 0.00119695201164727]
  
  inverse polynomial: 
  5629.72561388783
  28679.4161295302
  74146.9655736466
  115127.796341591
  113847.031537827
  72714.4889927785
  29147.9880430127
  6685.98695599203
  670.691145760778								