image_width: 640
image_height: 480
camera_name: camera
camera_matrix:
  rows: 3
  cols: 3
  data: [1.00137138792774, -0.00101937084068068, 323.364028343657, -0.0017243608904137, 1, 245.042755028615, 0, 0, 0]
distortion_model: taylor
distortion_coefficients:
  rows: 1
  cols: 4
  data: [373.287169744437, -0.000115209482966114, -2.44206820204749e-07, 1.08498070580646e-09]
rectification_matrix:
  rows: 3
  cols: 3
  data: [1, 0, 0, 0, 1, 0, 0, 0, 1]
projection_matrix:
  rows: 3
  cols: 4
  data: [0, 0, 0, -0, 0, 0, 0, -0, 0, 0, 0, -0]
  
  inverse polynomial: 
  26561.9797331867
  188073.383747902
  613920.117665166
  1180553.23574325
  1463292.66510894
  1209186.24515766	
  665166.243216998
   234665.644072464
   48149.0845202802
  4375.91013646781	
  	
 	 	
  	
  	
                     
  	
 
  	
  