image_width: 1280
image_height: 720
camera_name: camera
camera_matrix:
  rows: 3
  cols: 3
  data: [1.00199872845786, 0.000270390524775926, 642.366410355297, -0.000105601199008392, 1, 363.252989328191, 0, 0, 0]
distortion_model: taylor
distortion_coefficients:
  rows: 1
  cols: 4
  data: [322.652083362999, -0.00157646880171726, 2.18506186701502e-06, -7.44700735795742e-09]
rectification_matrix:
  rows: 3
  cols: 3
  data: [0.539026442350107, -0.0785835473881538, 0.838615001372645, 0.0609289065582937, 0.996667751442902, 0.0542315551986758, -0.840082235732272, 0.0218636527951583, 0.542018281881205]
projection_matrix:
  rows: 3
  cols: 4
  data: [0, 0, 0, 0.0484219290848025, 0, 0, 0, 0.000710760365623569, 0, 0, 0, -0.0327015296512759]