image_width: 1280
image_height: 720
camera_name: camera
camera_matrix:
  rows: 3
  cols: 3
  data: [1.00158902925536, 0.000398453375360521, 659.709838003786, -0.00129421389853703, 1, 364.468923262497, 0, 0, 0]
distortion_model: taylor
distortion_coefficients:
  rows: 1
  cols: 4
  data: [324.138209321044, -0.00166199850599138, 2.88559566252993e-06, -8.730398425071e-09]
rectification_matrix:
  rows: 3
  cols: 3
  data: [-0.407963444130307, -0.0925254222972841, 0.908297789539321, 0.132780510949713, 0.978261577646061, 0.159290996648498, -0.903291295300284, 0.18558914820118, -0.386809389628382]
projection_matrix:
  rows: 3
  cols: 4
  data: [0, 0, 0, 0.0603481545819101, 0, 0, 0, 0.009554307073569, 0, 0, 0, -0.0934806015594993]