image_width: 1280
image_height: 720
camera_name: camera
camera_matrix:
  rows: 3
  cols: 3
  data: [0.999541771222685, 0.000358286734188745, 677.96765654119, -0.00109993742444176, 1, 348.213007814077, 0, 0, 0]
distortion_model: taylor
distortion_coefficients:
  rows: 1
  cols: 4
  data: [588.949780571415, -0.000833365003548041, 5.75663806418698e-07, -1.06769331393636e-09]
rectification_matrix:
  rows: 3
  cols: 3
  data: [-0.569252431297414, 0.0405716951749442, 0.821161133403774, 0.00856954327610189, 0.99902021176592, -0.0434186528197813, -0.822118137733874, -0.0176791978119317, -0.569042365359358]
projection_matrix:
  rows: 3
  cols: 4
  data: [0, 0, 0, 0.00738148368756557, 0, 0, 0, -0.00124988814149689, 0, 0, 0, -0.00882962458485798]