image_width: 1280
image_height: 720
camera_name: camera
camera_matrix:
  rows: 3
  cols: 3
  data: [0.996378914560466, -0.00117109445795272, 644.837511384424, 0.00356851119375608, 1, 408.853495452397, 0, 0, 0]
distortion_model: taylor
distortion_coefficients:
  rows: 1
  cols: 4
  data: [591.359141752973, -0.000710346545645932, 1.30294083734234e-07, -5.95179377655777e-10]
rectification_matrix:
  rows: 3
  cols: 3
  data: [-0.414870993406644, -0.000779015434471749, -0.909879910738098, 0.0703596528636325, 0.996977837758572, -0.0329349399289216, 0.907155762854053, -0.0776825859132183, -0.413562374699553]
projection_matrix:
  rows: 3
  cols: 4
  data: [0, 0, 0, 0.0074549737247002, 0, 0, 0, 0.036594994121085, 0, 0, 0, 0.0165453698588338]