image_width: 1280
image_height: 720
camera_name: camera
camera_matrix:
  rows: 3
  cols: 3
  data: [1.001338, -0.002825, 640.949480, 0.004864, 1, 356.818273, 0, 0, 0]
distortion_model: taylor
distortion_coefficients:
  rows: 1
  cols: 4
  data: [-5.018430e+02, 6.959954e-04, -2.157384e-08, 3.556594e-10]
rectification_matrix:
  rows: 3
  cols: 3
  data: [-0.55346361596945, -0.0623498794324418, -0.830536283573889, -0.0268150055278856, 0.99801096711333, -0.0570531769499097, 0.832441578296343, -0.00930602258210149, -0.554034670997363]
projection_matrix:
  rows: 3
  cols: 4
  data: [0, 0, 0, -0.0488391483464762, 0, 0, 0, 0.0112257461779204, 0, 0, 0, -0.0527708015502506]
