image_width: 1280
image_height: 720
camera_name: camera
camera_matrix:
  rows: 3
  cols: 3
  data: [1.001784, 0.014923, 629.595941, -0.013284, 1, 365.340864, 0, 0, 0]
distortion_model: taylor
distortion_coefficients:
  rows: 1
  cols: 4
  data: [-4.968887e+02, 7.175251e-04, -1.341251e-07, 4.895729e-10]
rectification_matrix:
  rows: 3
  cols: 3
  data: [-0.376738150884725, -0.00306875808210634, 0.926314713470397, -0.0190980380654581, 0.999807690180509, -0.00445506430643767, -0.926122902540454, -0.0193691863473276, -0.376724307697604]
projection_matrix:
  rows: 3
  cols: 4
  data: [0, 0, 0, 0.0365136411028964, 0, 0, 0, 0.0275186290004054, 0, 0, 0, -0.0414547336808589]
