%YAML:1.0

# Multi-camera calibration matrices (M_c)
# rotation elements are in cayley parametrization
CameraSystem.nrCams: 3
# camera back
CameraSystem.cam1_1: -0   #r1
CameraSystem.cam1_2: 0     #r2
CameraSystem.cam1_3: -0    #r3
CameraSystem.cam1_4: 0    #t1
CameraSystem.cam1_5: 0    #t2
CameraSystem.cam1_6: 0   #t3
# camera right
CameraSystem.cam2_1: -0.9650158715362008   #r1
CameraSystem.cam2_2:  3.019835963978803      #r2
CameraSystem.cam2_3: -0.08218323702447412    #r3
CameraSystem.cam2_4:  0.757991    #t1
CameraSystem.cam2_5: -0.182813    #t2
CameraSystem.cam2_6:  0.0904629    #t3
# camera left    
CameraSystem.cam3_1:  0.2450066409161578   #r1
CameraSystem.cam3_2: -1.137206423199965    #r2
CameraSystem.cam3_3:  0.367004074708526  #r3
CameraSystem.cam3_4:  0.484182         #t1
CameraSystem.cam3_5: -0.614021    #t2
CameraSystem.cam3_6: -0.332528    #t3



