image_width: 1280
image_height: 720
camera_name: camera
camera_matrix:
  rows: 3
  cols: 3
  data: [1.00010896532819, -0.00120489322057624, 644.677353469688, -0.00180264858249226, 1, 359.932506123936, 0, 0, 0]
distortion_model: taylor
distortion_coefficients:
  rows: 1
  cols: 4
  data: [499.242887338066, -0.000703060194271772, -2.13299927475463e-08, -2.64095198341312e-10]
rectification_matrix:
  rows: 3
  cols: 3
  data: [-0.99325835099646, 0.0916022739894296, 0.0710413370915497, 0.0675797689252345, 0.955492135022707, -0.287171995051302, -0.0941850466252548, -0.280435025112231, -0.955241002931965]
projection_matrix:
  rows: 3
  cols: 4
  data: [0, 0, 0, 0.502178491609625, 0, 0, 0, -2.56655230420361, 0, 0, 0, 6.17256120612016]