image_width: 1280
image_height: 720
camera_name: camera
camera_matrix:
  rows: 3
  cols: 3
  data: [1.00021675774329, -0.00232955076345611, 630.263710029912, -0.000978337755897324, 1, 369.154242880154, 0, 0, 0]
distortion_model: taylor
distortion_coefficients:
  rows: 1
  cols: 4
  data: [495.725358603971, -0.0006884738094562, -2.2418575341645e-08, -3.23585581081449e-10]
rectification_matrix:
  rows: 3
  cols: 3
  data: [0.491604667545001, 0.127148565917651, -0.861485979591684, 0.0517679865570942, 0.983266334173999, 0.174663652909965, 0.869278394080846, -0.130462861631623, 0.476796094068623]
projection_matrix:
  rows: 3
  cols: 4
  data: [0, 0, 0, 0.632308063462111, 0, 0, 0, -2.69499482052354, 0, 0, 0, 6.0795973312866]