image_width: 1280
image_height: 720
camera_name: camera
camera_matrix:
  rows: 3
  cols: 3
  data: [0.999836871764476, -0.00133212828277603, 646.275984459728, -0.00169907343944058, 1, 378.353246162128, 0, 0, 0]
distortion_model: taylor
distortion_coefficients:
  rows: 1
  cols: 4
  data: [582.681635924136, -0.000727302655154908, 1.5963265755567e-07, -5.90448036404704e-10]
rectification_matrix:
  rows: 3
  cols: 3
  data: [-0.650685972994277, -0.512236566619562, 0.560554604267866, -0.541966370752979, 0.830338231937196, 0.129656752836605, -0.531864848924081, -0.219435914109186, -0.817904433340263]
projection_matrix:
  rows: 3
  cols: 4
  data: [0, 0, 0, 0.757991458524236, 0, 0, 0, -0.182812964763853, 0, 0, 0, 0.0904629116653479]