image_width: 1280
image_height: 720
camera_name: camera
camera_matrix:
  rows: 3
  cols: 3
  data: [1.00139259560879, -0.00150395439651266, 673.850921871903, -0.00128988512238419, 1, 350.427755523687, 0, 0, 0]
distortion_model: taylor
distortion_coefficients:
  rows: 1
  cols: 4
  data: [589.390658877787, -0.000727656584306874, 2.00733305207637e-07, -7.22488274919257e-10]
rectification_matrix:
  rows: 3
  cols: 3
  data: [-0.147873431020642, -0.519001402040904, -0.841885380011598, 0.0710468968176879, 0.843469942299204, -0.532457317434871, 0.986451107176898, -0.13854963412713, -0.0878533552714933]
projection_matrix:
  rows: 3
  cols: 4
  data: [0, 0, 0, 0.484182086426823, 0, 0, 0, -0.614020950394368, 0, 0, 0, -0.332528361511516]
  
 inverse_polynomial:(还没反过来)
  18.1066966749982
  109.907191841773	
  252.914862324791	
  274.099456631201	
  177.599160533799	
  136.518351234193	
  3.45942369972203	
  371.979363830270	
  767.941759120057