image_width: 1280
image_height: 720
camera_name: camera
camera_matrix:
  rows: 3
  cols: 3
  data: [1.0007826405718, 0.00159035884550783, 646.438115101236, -0.00452471786087249, 1, 406.117503564303, 0, 0, 0]
distortion_model: taylor
distortion_coefficients:
  rows: 1
  cols: 4
  data: [590.846707016767, -0.000742887919927702, 2.34312834317197e-07, -6.95837705728751e-10]
rectification_matrix:
  rows: 3
  cols: 3
  data: [1, 0, 0, 0, 1, 0, 0, 0, 1]
projection_matrix:
  rows: 3
  cols: 4
  data: [0, 0, 0, -0, 0, 0, 0, -0, 0, 0, 0, -0]