image_width: 640
image_height: 480
camera_name: camera
camera_matrix:
  rows: 3
  cols: 3
  data: [1.00009336587038, -0.000351783198350311, 307.983124967457, -0.0012625803247071, 1, 253.65363004908, 0, 0, 0]
distortion_model: taylor
distortion_coefficients:
  rows: 1
  cols: 4
  data: [375.041476422372, -0.000182636676750819, 2.95462031490013e-07, -1.38697225555222e-10]
rectification_matrix:
  rows: 3
  cols: 3
  data: [0.998060074729202, -0.0592348520368815, 0.0191655820590553, 0.0597736899353084, 0.997794016510038, -0.0288826350645574, -0.01741244448699, 0.0299722024703375, 0.999399056361422]
projection_matrix:
  rows: 3
  cols: 4
  data: [0, 0, 0, -0.0544483916309667, 0, 0, 0, -0.00878771927001512, 0, 0, 0, 1.44874072463309e-05]