%YAML:1.0
 
# Multi-camera calibration matrices (M_c)
# rotation elements are in cayley parametrization
CameraSystem.nrCams: 2                    
# camera 1
CameraSystem.cam1_1: -0  #r1 
CameraSystem.cam1_2: 0   #r2
CameraSystem.cam1_3: -0  #r3
CameraSystem.cam1_4: 0   #t1
CameraSystem.cam1_5: 0   #t2
CameraSystem.cam1_6: 0   #t3
# camera 2   
CameraSystem.cam2_1: 0.0100759020109204    #r1
CameraSystem.cam2_2: 0.001881241452096774  #r2
CameraSystem.cam2_3: 0.02330954793491953   #r3
CameraSystem.cam2_4: -0.0551771     #t1
CameraSystem.cam2_5: -0.0105182     #t2
CameraSystem.cam2_6: 0.00119695     #t3


