image_width: 640
image_height: 480
camera_name: camera
camera_matrix:
  rows: 3
  cols: 3
  data: [1.000364, -0.029480, 316.697837, 0.030928, 1, 249.848636, 0, 0, 0]
distortion_model: taylor
distortion_coefficients:
  rows: 1
  cols: 5
  data: [-2.577132e+02, 0.000000e+00, 1.515742e-03, -1.428697e-06, 5.797288e-09]
rectification_matrix:
  rows: 3
  cols: 3
  data: [1, 0, 0, 0, 1, 0, 0, 0, 1]
projection_matrix:
  rows: 3
  cols: 4
  data: [0, 0, 0, -0, 0, 0, 0, -0, 0, 0, 0, -0]